0
16
18
44
49
60
61
51
49
22
17
-16
-22
-48
-53
-64
-66
-56
-55
-27
-23
10
15
43
47
59
60
51
49
22
17
-16
-22
-48
-53
-64
-66
-56
-55
-27
-23
10
15
43
47
59
60
51
49
22
17
-16
-22
-48
-53
-64
-66
-56
-55
-27
-23
10
15
43
47
59
60
51
49
22
17
-16
-22
-48
-53
-64
-66
-56
-55
-27
-23
10
15
43
47
59
60
51
49
22
17
-16
-22
-48
-53
-64
-66
-56
-55
-27
-23
10
15
43
47
59
60
51
49
22
17
-16
-22
-48
-53
-64
-66
-56
-55
-27
-23
10
15
43
47
59
60
51
49
22
17
-16
-22
-48
-53
-64
-66
-56
-55
-27
-23
10
15
43
47
59
60
51
49
22
17
-16
-22
-48
-53
-64
-66
-56
-55
-27
-23
10
15
43
47
59
60
51
49
22
17
-16
-22
-48
-53
-64
-66
-56
-55
-27
-23
10
15
43
47
59
60
51
49
22
17
-16
-22
-48
-53
-64
-66
-56
-55
