0
8
8
21
22
27
28
23
22
9
8
-9
-10
-23
-24
-29
-30
-25
-24
-11
-10
7
8
21
22
27
28
23
22
9
8
-9
-10
-23
-24
-29
-30
-25
-24
-11
-10
7
8
21
22
27
28
23
22
9
8
-9
-10
-23
-24
-29
-30
-25
-24
-11
-10
7
8
21
22
27
28
23
22
9
8
-9
-10
-23
-24
-29
-30
-25
-24
-11
-10
7
8
21
22
27
28
23
22
9
8
-9
-10
-23
-24
-29
-30
-25
-24
-11
-10
7
8
21
22
27
28
23
22
9
8
-9
-10
-23
-24
-29
-30
-25
-24
-11
-10
7
8
21
22
27
28
23
22
9
8
-9
-10
-23
-24
-29
-30
-25
-24
-11
-10
7
8
21
22
27
28
23
22
9
8
-9
-10
-23
-24
-29
-30
-25
-24
-11
-10
7
8
21
22
27
28
23
22
9
8
-9
-10
-23
-24
-29
-30
-25
-24
-11
-10
7
8
21
22
27
28
23
22
9
8
-9
-10
-23
-24
-29
-30
-25
-24
-11
-10
