0
16
18
44
48
59
61
51
49
22
18
-15
-21
-48
-52
-63
-65
-55
-53
-26
-22
11
17
44
48
59
61
51
49
22
18
-15
-21
-48
-52
-63
-65
-55
-53
-26
-22
11
17
44
48
59
61
51
49
22
18
-15
-21
-48
-52
-63
-65
-55
-53
-26
-22
11
17
44
48
59
61
51
49
22
18
-15
-21
-48
-52
-63
-65
-55
-53
-26
-22
11
17
44
48
59
61
51
49
22
18
-15
-20
-47
-52
-63
-65
-55
-53
-27
-23
11
17
44
48
59
61
51
49
22
18
-15
-21
-48
-52
-63
-65
-55
-53
-27
-23
11
17
44
48
59
61
51
50
23
18
-15
-20
-47
-52
-63
-65
-55
-53
-27
-23
11
17
44
48
59
61
51
49
22
18
-15
-21
-48
-52
-63
-65
-55
-53
-26
-22
11
17
44
48
59
61
51
50
23
18
-15
-21
-48
-52
-63
-65
-55
-53
-26
-22
11
17
44
48
59
61
51
50
23
18
-15
-21
-48
-52
-63
-65
-55
-53
-26
-22
